0.3972674 -0.06203967 0.2017657 -0.3226123 0.3387367 0.01920372 -0.4367509 -0.1627333 0.07461326 0.4493187 0.2298855 -0.2440259 0.203338
-0.2021019 0.1531422 -0.4170063 -0.06558336 -0.110662 -0.2695976 -0.2539549 -0.009108894 -0.4731133 0.07527986 -0.3318937 -0.4591973 0.2397562
0.1464779 -0.2281433 0.3738077 -0.2482796 -0.4422605 -0.5116594 0.1464639 -0.04504263 -0.3690111 -0.04121164 0.2716156 -0.03323289 -0.1774899
-0.03287689 -0.3601715 -0.2006221 -0.1009823 0.2434048 0.1681875 0.09064683 0.6121934 -0.09233732 -0.1220511 0.297694 -0.4072263 -0.2652183
0.4338228 0.3566654 0.04779563 -0.1040918 -0.2933012 0.2368886 0.2675888 0.4789415 -0.1054975 0.05890944 -0.01991564 0.04628583 0.4595634
-0.05407118 -0.6302155 0.2257668 0.2973867 0.04161261 0.2376737 0.1907858 -0.04019957 -0.304542 0.302119 -0.3042247 0.04762181 0.2922623
-0.1020713 -0.02647133 -0.04300807 0.6201051 -0.09113829 -0.3955832 -0.1990687 0.2469908 0.2039729 0.1556694 0.4187036 0.02010257 0.3090646
0.09469188 -0.1638121 0.368851 -0.02302054 0.1287266 -0.1759367 -0.2357287 0.1325383 0.2160184 -0.6613331 -0.3191859 -0.1696542 0.3037627
-0.582563 -0.05298751 0.03293471 -0.5248268 0.1681291 -0.1305583 0.06559792 0.1867723 0.03866629 0.08156246 0.1240752 0.3611122 0.3779428
0.01281891 0.2892534 0.1872135 0.1203211 0.5359883 -0.3651138 0.6014707 -0.05159403 -0.01057916 0.1114835 -0.08108882 -0.2498132 0.009952997
0.2754344 -0.1191732 -0.3856047 0.04005272 0.2759658 0.007825191 0.1079341 -0.3262392 -0.3444245 -0.4124996 0.3628233 0.2389088 0.2963715
0.02515914 -0.2846302 -0.308831 -0.1841796 -0.3153009 -0.03111248 0.3656436 -0.281348 0.5388425 0.02735351 0.03801439 -0.3543723 0.2401978
-0.3901854 0.2394095 0.3661392 0.09999507 -0.1200604 0.4306256 0.02173945 -0.252822 -0.152218 -0.1718284 0.3865294 -0.3919042 0.162628
