0.1736959 -0.1337319 0.1484036 -0.1459958 0.2686366 -0.003193655 0.0985288 0.112901 -0.1103451 -0.001502104 0.1545879 -0.2298612 -0.2880694 -0.0764433 0.3169892 0.1736687 -0.01313648 -0.287142 -0.08660239 0.3485334 0.2869792 0.05915878 0.2899734 -0.2016607 -0.07714362 -0.1765835 0.1603809 0.1432909
-0.2444994 -0.3034642 -0.3231732 -0.169942 0.00547007 0.2858194 -0.1027776 0.05340657 -0.1088739 -0.1293777 0.1441133 0.01087362 0.01728471 0.1360742 -0.02072938 -0.17902 0.125965 0.001884692 0.01736771 -0.07798777 -0.01351345 0.1235726 0.1526438 0.3103168 0.3773838 -0.2449705 0.1963007 0.3473202
0.2430206 -0.1616678 0.01736449 0.1762192 -0.1332805 -0.07981508 0.02924413 0.488723 -0.04101544 0.1647105 -0.2176816 -0.1435708 -0.1128649 0.4123789 0.07452386 -0.1021632 0.4516329 -0.05884258 0.1048428 -0.1659315 -0.1722073 0.1403159 0.07425204 -0.07120375 -0.04099379 0.03913848 0.0463201 -0.1130024
-0.1156888 0.02339315 -0.1551197 0.3666967 -0.0788079 0.182016 -0.3138622 -0.1228888 0.1316536 -0.1808703 -0.08557583 -0.004305293 -0.144141 -0.2788922 0.2813512 -0.2549258 -0.04971505 -0.07219321 0.2448645 0.03485397 -0.1648976 0.3206047 0.04115186 -0.2120155 -0.2634761 0.09741476 0.215358 0.06106755
0.1277013 0.06850154 -0.1801231 0.1023426 0.1401134 0.2102967 0.4081893 0.08612222 0.1103616 0.03374851 0.0430189 0.3895764 0.1773796 0.2638624 0.106149 -0.1692495 -0.2196342 -0.26844 -0.04504724 0.1027628 -0.2562522 -0.256832 -0.1333731 -0.1687904 -0.1263141 -0.1052148 0.1711754 0.1520828
-0.3908014 -0.1049417 0.1130314 0.1151968 -0.2979645 -0.1807563 0.1899254 0.01470366 0.236545 -0.2669658 0.07638687 -0.1482887 0.3266631 0.1898285 0.04056704 -0.07102414 0.06201929 -0.2384065 -0.3771571 0.08492588 0.2263422 0.1479439 0.04783072 0.04652552 -0.1671977 0.1700344 0.05824242 0.00394815
0.1198477 0.07117982 0.1206922 0.07767953 -0.1022852 -0.3206212 -0.1343188 0.249286 -0.2594779 -0.5350879 0.2658837 0.05157484 -0.02847747 -0.06408998 0.1006221 -0.3304699 -0.02487555 0.01300748 0.1072117 0.1868868 -0.1262878 -0.3155694 -0.01907677 0.1306618 0.07524747 -0.09952207 -0.1011856 -0.09635824
0.21364 0.2544581 0.02545634 -0.00255848 -0.2769639 0.1106497 -0.02494611 0.0379398 -0.4052548 -0.008998891 -0.1945653 0.2981708 -0.03880748 0.03652016 0.1313966 0.04448025 -0.2540006 0.08309346 -0.3876886 -0.0427188 0.04705618 0.2324412 0.2756238 0.2111147 0.02427911 0.1229319 0.2384862 -0.108979
-0.08032508 0.4145759 0.1941162 0.3531996 -0.0146422 0.1815156 0.1980329 0.187534 -0.02595342 -0.1032335 -0.02155128 -0.1111709 0.3016407 -0.1395632 0.05537624 0.2935443 0.1428716 0.1361203 0.1249334 0.0421638 0.02052601 0.1698895 -0.06114411 -0.05113073 0.2626572 -0.3998409 0.03645886 0.07541074
0.1329057 0.1300728 -0.1954778 0.1616183 -0.04004939 0.01458452 -0.337756 0.1605738 0.2532968 0.2523468 0.1787651 -0.2058759 -0.0135743 -0.009806891 0.1487526 -0.1153904 -0.01276615 0.2225923 -0.394445 0.03441674 0.2165334 -0.2816506 -0.2705835 -0.06258957 0.1705439 -0.00360644 0.2872527 -0.007872091
0.03515684 -0.009077852 0.2871221 -0.2496433 -0.2451804 -0.2030814 0.1126985 0.01502139 0.4614695 0.1509779 0.2862834 0.1048032 -0.1239285 0.003547861 0.2506842 -0.0666541 -0.2094084 0.2175832 0.04525252 -0.1370529 -0.2920391 0.2291621 0.1552069 -0.01627436 0.1465368 -0.1774489 0.01869192 0.02828138
0.1406181 0.112095 -0.1187714 0.1832185 0.1953179 -0.279428 -0.01648974 -0.1375643 0.05800083 0.09686292 0.3510061 -0.04378377 0.1857824 0.06592957 -0.1735336 0.2070723 0.02340793 -0.1405409 0.2809294 0.02413785 -0.09270429 0.04791852 0.2355381 0.279561 0.05207889 0.2379287 0.4577123 -0.147268
-0.0841009 -0.06787479 -0.1997104 -0.1993874 -0.0327152 0.03402606 0.08963912 -0.008601573 -0.2375971 -0.2023107 0.4277375 0.1790129 -0.04238409 0.09955909 0.08887957 0.2649964 0.2249254 0.2972887 -0.02111325 -0.1107573 0.0181387 0.1772884 -0.2956339 -0.3219985 -0.2172415 0.02168716 0.15965 -0.2201028
-0.04704665 0.1050417 0.1591553 -0.05795193 -0.005957688 0.3993337 0.1542421 0.1923619 -0.1651436 0.2592568 0.3662742 -0.1792696 0.1450309 -0.1391912 0.1288492 -0.1979836 0.06866881 0.1419262 0.07779424 0.0850723 -0.06896678 -0.02533642 0.067246 0.1566565 -0.1475192 0.4715599 -0.2028948 0.1512366
0.1777108 0.2697274 -0.1038624 0.0351337 0.4343106 -0.04709954 0.09158682 0.007950985 0.2304364 -0.3628445 0.0339067 -0.004580517 -0.1700741 -0.05592366 -0.08375336 -0.0311381 0.2218026 0.0992568 -0.3660085 -0.3064123 -0.1205405 0.1019953 0.1791664 0.009366255 -0.02171867 0.1629168 -0.1661438 0.2444308
0.1055768 0.240245 0.07999656 0.02482038 -0.1311635 0.07294674 -0.3935896 -0.2213371 0.1190302 0.09531721 0.1877681 0.3934062 0.02200026 0.3086336 0.1139365 0.09697647 0.3464722 -0.1563415 0.06732149 0.1599618 0.1984969 0.0003346881 0.07327798 0.07607615 -0.1075578 -0.09380426 -0.2965005 0.1812302
-0.2110609 -0.09921571 0.08391944 -0.1399895 0.1046743 0.1628694 -0.08670559 0.2009974 0.2864779 -0.2181468 -0.2879846 0.2268986 0.03498582 0.01150395 0.2447562 0.3043773 0.1111033 0.2436429 0.1173761 0.1657566 -0.02445045 -0.3517025 0.227952 0.0381171 0.0819299 0.2771593 0.1541746 -0.1327425
-0.07355272 -0.04148285 -0.02939585 0.1138871 0.15452 0.3677318 -0.0001264115 -0.08417351 0.1179526 0.01141552 0.1724411 -0.05248922 -0.06853131 0.009707639 0.0202707 -0.1092676 0.03402955 -0.142729 -0.1802161 -0.02212335 -0.08405653 -0.008849266 0.2040438 0.1189849 0.02290244 -0.2477822 -0.1943431 -0.7294172
-0.03071006 0.1850593 0.466597 -0.2344281 -0.03110311 0.1469284 0.0715302 -0.2847846 -0.02938277 -0.02898938 -0.08389151 -0.005043052 -0.1357771 -0.0670259 -0.1557576 -0.3009006 0.3889108 -0.118098 -0.02748254 -0.06468183 -0.04009312 -0.1486698 -0.1350148 -0.03447131 0.03365806 -0.01831987 0.4696652 -0.03938081
-0.05454243 0.3260234 -0.07468559 -0.4755079 0.3448206 -0.09699468 -0.1970578 0.2041289 0.041458 -0.003110503 -0.1656519 -0.04903639 0.3215561 0.133016 0.1198319 -0.2649791 -0.09670026 -0.07845778 0.1235089 0.08407395 0.1041716 0.3329328 -0.1424242 -0.02098755 0.01004258 0.003168359 0.001201279 -0.180657
-0.04872908 -0.1575834 0.4275446 0.07165513 0.2151916 0.15977 -0.4311468 0.07550104 -0.08652446 -0.07827191 0.07929868 -0.1253116 0.1094325 0.3033622 -0.2325014 0.1793745 -0.2693686 0.06434742 -0.1770384 0.00350007 -0.3398247 0.04988662 -0.06118692 -0.0562411 -0.1909608 -0.06742599 0.07694549 0.1254496
0.07269913 0.09343608 -0.03751556 0.09648381 -0.01516086 0.1166142 0.2074716 -0.1567536 0.12646 -0.1490011 -0.05394538 -0.141705 -0.342754 0.4025597 -0.2137628 -0.1182523 -0.1145639 0.3417892 0.1126045 0.5167418 0.08743246 0.1929756 -0.1060836 0.07758077 0.09797786 0.104122 -0.01475207 -0.03105897
0.2491814 -0.3265594 0.1361442 0.05291151 0.06038939 0.06158138 -0.01985023 0.297647 0.1948029 0.008856993 0.05454819 0.4101717 0.07945895 -0.382032 -0.3490214 -0.06392732 0.1043803 -0.02677327 -0.08535265 0.2343287 0.1414325 0.298049 -0.1758693 0.0814619 0.03381011 0.03923903 0.03426817 -0.04507132
0.08706497 -0.2656919 0.04715948 0.1395934 0.2475574 -0.2114772 0.06543242 -0.3426118 -0.1517526 0.1484009 -0.1284685 0.05198479 0.3730274 -0.0118511 0.2183379 -0.2470144 0.2064191 0.44419 -0.1356271 0.1833338 -0.05800377 0.01947343 0.1736984 -0.02696982 -0.09441445 -0.1566281 0.004653351 0.01341721
-0.1813287 0.1696917 -0.1243644 -0.0783637 -0.03034921 -0.07057907 0.04642441 0.234498 0.08583735 0.1083387 -0.04442934 -0.00317659 -0.1364043 -0.08779592 -0.202076 -0.02047873 0.02884078 0.2057078 0.03211891 0.03632499 0.05837595 -0.1065152 0.1258444 0.332307 -0.6466691 -0.3729526 0.1356933 0.05299647
-0.1127095 0.1711193 -0.2304323 -0.1669176 -0.2166034 -0.0552235 -0.1003065 0.06715595 -0.03860576 0.1068572 0.02728488 -0.03316857 0.08578569 -0.1147884 -0.371183 -0.01236227 0.1361512 -0.02015498 -0.1591992 0.3577623 -0.3231323 -0.035337 0.3666645 -0.4614807 0.1120412 0.004716952 -0.03666804 0.005035699
-0.0848347 0.02238916 -0.1053565 -0.07486427 0.008458783 -0.1235229 0.009709747 -0.06598582 -0.03528281 0.0864987 -0.09942135 -0.07042814 -0.1278694 -0.1331463 0.2541739 0.2435936 0.1942067 -0.1826715 -0.2373464 0.3221125 -0.4966815 0.1041814 -0.3802604 0.3712499 0.01749098 0.01613923 -0.04735104 0.01651491
0.5722256 -0.09376849 -0.1344361 -0.2698271 -0.295208 0.2500645 -0.0151637 -0.1504729 0.1788675 -0.282086 -0.06965583 -0.324048 0.3231707 -0.06249226 0.005755853 0.1199026 0.01990677 0.001626293 0.05780676 0.004331016 -0.06495614 -0.05201255 0.0009028492 0.08164114 -0.1774233 -0.08501937 0.009408142 0.002869676
